const smallS = [
    [0.75, 0.5129572737568014, 0.5031273197312033, 0.5028558249785451, 0.4993514986341354, 0.5015488703728291, 0.5012858568140532, 0.5087108743748643, 0.5008264779957925, 0.5113028914129432, 0.5027304536213404, 0.5049603298343252, 0.5000073288391876, 0.513081472983208, 0.507513405736035, 0.5153149799569132, 0.5161035057990891, 0.5054391802296496, 0.5201424492530967, 0.5091128565974697, 0.5059661656770119, 0.5091404676797229, 0.5154069137634154, 0.5034622418947206, 0.5161101055520884, 0.5185450483550578, 0.532553189470164, 0.5113903620895748, 0.5054855140643222, 0.5110247622601864, 0.4995678611427899, 0.510561220957231, 0.5381590100150713, 0.5307498894428517, 0.49973041372128135, 0.5099968675661345, 0.5113225324278112, 0.5198350393102361, 0.5122196035465224, 0.5009003378069027, 0.5185154460591456, 0.5257681605348041, 0.5019266241978587, 0.5002590846610508, 0.5, 0.5043902461426257, 0.5003306415050126, 0.5055996554951249, 0.5255627968214217, 0.5008467237754823, 0.4998489943397866, 0.4976523301704646, 0.5104072090309256, 0.5043430622762327, 0.5056429989863199, 0.5005747499076552, 0.5051494800272257, 0.5008799540498873, 0.5060536421104169, 0.5007973841447206, 0.5002406518464305, 0.5068108210562072, 0.5003315826834729, 0.5075183292067673, 0.5019537474063895, 0.5120208375228623, 0.5008182895999055, 0.5, 0.50004572034151, 0.512186227511237, 0.5061085786214984, 0.5008309278841988, 0.5019981245059468, 0.5043555731090363, 0.5114457903662782, 0.5, 0.5001418547384573, 0.5231421330574881, 0.4997204996179741, 0.5095215676397941, 0.5041065173227472, 0.5250531437667368, 0.4999750721417636, 0.5113210827312334, 0.5089312138511052, 0.5026023740187067, 0.5024573333753449, 0.5076958264941991, 0.5036318157816617, 0.5069552370206607, 0.4986138553285108, 0.5144733229534098, 0.5001015625306038, 0.5109480996737609, 0.5119837999104822, 0.5105595626443832, 0.501141079046892, 0.5072425098426461, 0.5025981186026177, 0.5077237305845511],
    [0.5129572737568014, 0.75, 0.5100503854942381, 0.499332145627258, 0.5000951601545401, 0.517400027304736, 0.5124180286665827, 0.5090928601268688, 0.5099577579472696, 0.5076162133543312, 0.5060573098969686, 0.4996957478709204, 0.5017967685070359, 0.5122742739907539, 0.5167770615343324, 0.5050501447509488, 0.5064356221401342, 0.5099494262454214, 0.509440720517775, 0.5056472026196149, 0.504885193137188, 0.5065498438667376, 0.5126332280973672, 0.5045085356321579, 0.5143007315547452, 0.5207124118707985, 0.5135272437527447, 0.5023716972820921, 0.5030223231196393, 0.5081643401528501, 0.4975599029635829, 0.5125075954669074, 0.5076660479799688, 0.5119157326429097, 0.499917774957232, 0.5091380666689515, 0.5132085535285517, 0.5038902935296368, 0.5027710356262661, 0.49547655167378735, 0.5020370084174366, 0.5252391493317653, 0.5262374479145685, 0.5016564510235179, 0.5, 0.5137536535612042, 0.49994278303326206, 0.5043438759776211, 0.5158755310217684, 0.5046096691264876, 0.4973045116717262, 0.5059737748531057, 0.5194720342297708, 0.5260767399675467, 0.4991860973166521, 0.5068555966301852, 0.5042364922968606, 0.5013220064993891, 0.5006502954796908, 0.5050828932729523, 0.4996754382683586, 0.496852095524319, 0.5004816493318616, 0.4998207072081904, 0.49860287329527386, 0.5038406123424077, 0.5189572454412505, 0.5, 0.4985887074236784, 0.5010552544865337, 0.4982021329994776, 0.4985559112955584, 0.5008636305302334, 0.503413325849609, 0.5127761658026785, 0.5, 0.5001942087706204, 0.5067313334854536, 0.5006358943667241, 0.5088701783791312, 0.5058834949804978, 0.5101094689319403, 0.4967288164702345, 0.5076937645116744, 0.5039793286448572, 0.5050971874936517, 0.5020690804639154, 0.5028694688139818, 0.49608124510171225, 0.5082809417735726, 0.4959045332580144, 0.5175597353200939, 0.5051100787058199, 0.5046876023434814, 0.5199423166681563, 0.535153602802606, 0.5119694866701497, 0.502573983389854, 0.5009569065557692, 0.4969885887177653],
    [0.5031273197312033, 0.5100503854942381, 0.75, 0.49964791737794473, 0.5, 0.5574065708215016, 0.5280171573881017, 0.5100495296636675, 0.526121280878941, 0.5072685536166353, 0.5088072439104925, 0.5081914089223346, 0.5132003423530186, 0.5062164813894018, 0.5070847954919405, 0.5071875198542959, 0.5050794768312393, 0.500479595944348, 0.5086713322435635, 0.5070214361999695, 0.500322594072594, 0.5072372831308956, 0.5033182309703922, 0.5015920219606291, 0.5104416464187619, 0.5194626946269463, 0.5047163974630132, 0.5054176003545413, 0.5072361036654828, 0.5015555791807422, 0.49990799803729136, 0.5135919763739335, 0.5014850152333021, 0.5075020900664716, 0.5212344834327045, 0.5052796312856848, 0.49123043738997535, 0.505135835569549, 0.5090809666829963, 0.5047129240091623, 0.5014475474517439, 0.5013107282730325, 0.5028280865994131, 0.5028481012658228, 0.5, 0.506537420815849, 0.4994855967078189, 0.5102902239674602, 0.5075300215266392, 0.5063960577118471, 0.5031709340919868, 0.5105744266551276, 0.5077533289585213, 0.5140954222853731, 0.5036093777594631, 0.5027614229522797, 0.5179333784448819, 0.4997714181219713, 0.5105697881104873, 0.539681414256003, 0.49771961712913554, 0.5132212980365498, 0.4980283911671925, 0.5057183356173964, 0.5046628145114102, 0.5038330040254873, 0.5250719414885752, 0.5, 0.49454523167443, 0.5068921838909172, 0.502263650666168, 0.4999551328068916, 0.5040561546682211, 0.5116904953259168, 0.5057175993239068, 0.5, 0.49984718826405866, 0.502954994804959, 0.49976937269372695, 0.5004440481840261, 0.4952213357532471, 0.5024678914022237, 0.5, 0.5032107094781713, 0.5068590682044094, 0.5127734802312861, 0.4988818475772381, 0.5071634067209166, 0.5154866377323095, 0.514976777966782, 0.5022476501838986, 0.5104097598301032, 0.5056148011251502, 0.5034306247322765, 0.5099851488982208, 0.5178356088262107, 0.5049342310337877, 0.5073457481763571, 0.5072628902504605, 0.5075189175323842],
    [0.5028558249785451, 0.499332145627258, 0.49964791737794473, 0.75, 0.5, 0.4889837158095949, 0.5003514607306195, 0.5061111896771168, 0.5043532418582437, 0.5042176605392754, 0.49384921797199927, 0.5033580131931665, 0.4863706289302517, 0.5025972058522595, 0.5064733015401455, 0.5037409478417335, 0.5020102280608864, 0.499057002187394, 0.5032361702980349, 0.5151143374542376, 0.5063061498670225, 0.502138503585786, 0.5030402179658461, 0.4805879899916597, 0.5022288569055756, 0.5084632238582312, 0.5041947414141197, 0.4999987610258376, 0.5074001936999363, 0.5008017957174452, 0.5, 0.49345725816314046, 0.502294069690516, 0.5025743948545741, 0.5181913511295507, 0.49867740917316106, 0.5000168341749596, 0.5042680889101416, 0.5009726157934904, 0.500313876741859, 0.5005058594283128, 0.5013981601562773, 0.4991318004513064, 0.5, 0.5, 0.4994816993914871, 0.5, 0.5024092500245365, 0.49629246295394974, 0.5003024944154877, 0.5, 0.4931135274172805, 0.49538813945931687, 0.5013490343257238, 0.4973699813360956, 0.4932841602199697, 0.4984023500914783, 0.49996834441278887, 0.500310457438892, 0.5, 0.4960404106240834, 0.49747443750635184, 0.5, 0.49792487329031926, 0.5, 0.4995112031300496, 0.49230782245244886, 0.5, 0.5323070861709912, 0.5110977416692356, 0.5, 0.5, 0.5120161191842716, 0.507521312183015, 0.5023078631007425, 0.5, 0.5, 0.5010665019986627, 0.5212992545260916, 0.49984425172738994, 0.49976080505591314, 0.5003688107126725, 0.5, 0.5024112474956407, 0.5014440000732643, 0.4997276436271332, 0.5040417570421017, 0.5063453846764108, 0.4975592492865401, 0.5018736750202202, 0.5007619270894386, 0.5017164510790353, 0.4999016666613808, 0.4988329923029709, 0.5013657495152561, 0.5021202832384981, 0.49956335793366696, 0.501382498396877, 0.4985895177528599, 0.5000286901054202],
    [0.49935149863413536, 0.5000951601545401, 0.5, 0.5, 0.75, 0.5, 0.5, 0.5, 0.5, 0.4969065221477351, 0.5004534376239869, 0.5, 0.5002988940918601, 0.5012987239383585, 0.4997593464630434, 0.500395740820888, 0.5009555113896956, 0.5, 0.5, 0.5, 0.5003421879752611, 0.5, 0.5001997654239675, 0.5, 0.49915071243879616, 0.5, 0.4998379300585191, 0.4979630181657226, 0.5004925638744121, 0.496260137134106, 0.5, 0.5000555396870735, 0.4995042102120036, 0.5001619433869113, 0.5, 0.500373510786734, 0.49909496334401016, 0.49830367248508417, 0.500209240311687, 0.5003799339124131, 0.5004478555358839, 0.5000885401133314, 0.5002359496625223, 0.5, 0.5, 0.5000072866469766, 0.5, 0.4999380011573117, 0.4992110355206781, 0.49983012231193535, 0.49722735674676527, 0.5029387069689337, 0.5, 0.5, 0.5007198335309347, 0.4981305305138964, 0.4997859589041096, 0.5, 0.5, 0.5, 0.49848364978902954, 0.5020911450822036, 0.5, 0.499085799686787, 0.5208904109589041, 0.5002204910874725, 0.49983487060932746, 0.5, 0.5, 0.5, 0.5007012554891378, 0.5, 0.5, 0.5, 0.5, 0.5, 0.5, 0.5000027295059595, 0.5, 0.5006228151907434, 0.49993178870152527, 0.5004455020194988, 0.5, 0.4998630475770058, 0.4994591593642321, 0.5, 0.5, 0.497859360616604, 0.5, 0.5, 0.5, 0.5007541716809691, 0.4993410715434091, 0.4995253321278276, 0.5002336190431089, 0.5003582027475247, 0.4990751164668153, 0.4997800061927808, 0.4994380265169018, 0.5],
    [0.5015488703728291, 0.517400027304736, 0.5574065708215016, 0.4889837158095949, 0.5, 0.75, 0.5066334797553597, 0.49399140174351697, 0.5239398237894162, 0.500303508736982, 0.5051857017987941, 0.5016784070149181, 0.5124926249144016, 0.502767895884964, 0.5033127742253596, 0.5099155191410121, 0.5073966554039545, 0.5039475440951267, 0.5094138882700361, 0.5174030040079161, 0.5082645396511948, 0.512079655937323, 0.5089470053080808, 0.5075846979011712, 0.504623151613078, 0.5025218528831835, 0.509452518220006, 0.5017222668124958, 0.5045944096117267, 0.5062461554072164, 0.5001079636008432, 0.5156118829617495, 0.5017002407930473, 0.5024701666349003, 0.5327694196393663, 0.50196658784278, 0.5052576173596587, 0.5032759313446404, 0.5014051824526259, 0.5107133163907326, 0.5019811350652384, 0.5037725690438767, 0.5069534385827936, 0.5037346355117439, 0.5, 0.5044702532630149, 0.5003057836798882, 0.49775742795397754, 0.5046560810192788, 0.5210183458250289, 0.4893756082667024, 0.5045451601936246, 0.5179332647013419, 0.5123677479435825, 0.5080807868021857, 0.5147592325878421, 0.5187376062132626, 0.5007969022137998, 0.4918680467891733, 0.5247724015031185, 0.500962053958328, 0.5046612455682311, 0.498596450188602, 0.5014051374817183, 0.5, 0.5036086657445988, 0.5254936580323205, 0.5, 0.5008657034696613, 0.4951854113230487, 0.5003147496791641, 0.5030114918644988, 0.5059376867197082, 0.5127203035737691, 0.502884252706075, 0.5, 0.5001811719235282, 0.5040917787157646, 0.49592846270928465, 0.5020640239727677, 0.4973193281072912, 0.5032545764164935, 0.5050941579524844, 0.5015276818829769, 0.4977871934021362, 0.5139000987523027, 0.4993879479971354, 0.5009853039062415, 0.5107780612244898, 0.5061264892825925, 0.49328808192413925, 0.5082764899322622, 0.49757043031816073, 0.5033167537162021, 0.5128828462817688, 0.5105356108784426, 0.509761761380539, 0.5077755941527143, 0.4996737487379844, 0.5060402793465807],
    [0.5012858568140532, 0.5124180286665827, 0.5280171573881017, 0.5003514607306195, 0.5, 0.5066334797553597, 0.75, 0.5132488490856982, 0.5123389350157806, 0.5008424126769891, 0.501775014345408, 0.50213686592088, 0.4978288147041568, 0.5076663913525813, 0.4982947943077192, 0.5030409759278304, 0.4979438438324864, 0.5046027072299827, 0.5095385726320857, 0.5070585101452478, 0.5006492041952796, 0.5054696252819281, 0.5045547935678603, 0.49298887176973794, 0.5122786470570833, 0.5123984003384949, 0.502768621516283, 0.5003539316712244, 0.5027624148240076, 0.512121894512036, 0.5, 0.5105734007167276, 0.4990869876263252, 0.4997707920975115, 0.5203163188974342, 0.5106731145618104, 0.5033981155824673, 0.5006736726718991, 0.5034186381221838, 0.5053225988141281, 0.5004400552200298, 0.5056041179723652, 0.5161869051870198, 0.5035416226166342, 0.5, 0.5073185272258582, 0.5, 0.5039551960696321, 0.5040695107601061, 0.5289492827756613, 0.4985788824431553, 0.4986727671880607, 0.5256480659772704, 0.5223891529742446, 0.5069728989821871, 0.49912482526296487, 0.4897178436901613, 0.5135046379075516, 0.5136250382884596, 0.53917539353224, 0.507958318147567, 0.5084022403842057, 0.4966322936712538, 0.4966944217749061, 0.5, 0.4967651850922072, 0.51623148264078, 0.5, 0.5040842741376922, 0.510310418492397, 0.4958851273949215, 0.5015227426539662, 0.5, 0.5063913864392121, 0.5008087280251183, 0.5, 0.5, 0.4988944012709111, 0.4978539397821909, 0.5019795462684336, 0.5025681401615355, 0.499024806317619, 0.49718350646438975, 0.4968391881967884, 0.5007193991999546, 0.49999773234145933, 0.5028758052156669, 0.5027369759369051, 0.5074431037650826, 0.511957658719188, 0.504183996479623, 0.5085311527501529, 0.498725117815086, 0.5026589261919819, 0.5105348682498954, 0.5160926252790151, 0.5028778442318824, 0.4988232786183323, 0.4971603298675637, 0.5085035505796746],
    [0.5087108743748643, 0.5090928601268688, 0.5100495296636675, 0.5061111896771168, 0.5, 0.49399140174351697, 0.5132488490856982, 0.75, 0.5094810738795863, 0.523461561866404, 0.5107011761796124, 0.5186052461896079, 0.5050606704253678, 0.5313129208074925, 0.5169008848601937, 0.507437541670478, 0.5191191981036386, 0.5123204359398881, 0.5370616322476968, 0.5293447287635432, 0.5159773484683633, 0.5176166060444563, 0.5032443631396275, 0.5134415157858033, 0.5287594091387797, 0.5601108518933383, 0.5129047259021058, 0.49606988860089857, 0.5091361357266828, 0.5095487145587938, 0.4996219074886097, 0.5200940051120548, 0.5110873340223461, 0.5174874797563265, 0.5033780767583304, 0.5140782358340553, 0.5183918953860428, 0.5049512924268078, 0.5134639080857245, 0.5012852919287486, 0.5126664516422916, 0.5015562753081313, 0.5061940032774241, 0.5, 0.5, 0.5067374362119909, 0.498251404770325, 0.5014070714151462, 0.5224457414634626, 0.5043406397419731, 0.5075370212108483, 0.4999642382835677, 0.507276307818374, 0.5095585355536921, 0.5042181914891206, 0.5022451656281779, 0.495475984696832, 0.5029340211983031, 0.49800838215165777, 0.5081516368215674, 0.5008499340673652, 0.4970275409612832, 0.5, 0.5056521468747162, 0.5, 0.502303639985858, 0.507342724942843, 0.5, 0.5009844581819832, 0.5372018238973855, 0.5100985039624337, 0.5073042928276207, 0.49943154069667456, 0.5042394393251087, 0.51181911468604, 0.5, 0.5, 0.5071042296846963, 0.5, 0.5005226553527954, 0.49948399008481525, 0.5022198707527789, 0.49587159605155207, 0.4981002814809735, 0.5022428472472853, 0.49485192768066816, 0.5053918583712993, 0.5019254454845312, 0.5054458343645363, 0.5036540879461707, 0.49606062197728495, 0.5138046791805635, 0.49567276033760815, 0.49976378316746417, 0.5126743925813175, 0.5016757969315088, 0.5023553336040765, 0.5011506796578222, 0.5011075373436891, 0.4973882846322688],
    [0.5008264779957925, 0.5099577579472696, 0.526121280878941, 0.5043532418582437, 0.5, 0.5239398237894162, 0.5123389350157806, 0.5094810738795863, 0.75, 0.508967579409525, 0.5103266018999115, 0.4969556174164817, 0.5041855134564601, 0.5087451780269637, 0.4941403931822983, 0.4949992155511219, 0.49979718569492737, 0.5009181526960039, 0.5093833097764895, 0.5105001178842424, 0.5021924528527834, 0.5012177857992617, 0.5046111773010931, 0.5108646657581232, 0.5187046074251417, 0.5039917933501236, 0.506464098814652, 0.4970625554093814, 0.495212386020682, 0.510195232970484, 0.4974537684227344, 0.5068109021446581, 0.4995226492602931, 0.4975034558390449, 0.5193067363819359, 0.502888802537306, 0.5050317199310109, 0.49701589366458127, 0.5084961634011773, 0.5012544023182964, 0.5038262595234145, 0.4999627982211852, 0.5063875286927141, 0.48817489873737, 0.5, 0.5043269992978081, 0.4926736769522496, 0.49871277850981727, 0.5079724870829292, 0.4975232922212981, 0.4785558838620641, 0.4979395763936315, 0.5116828749968569, 0.5112116856008745, 0.5044664648895191, 0.4980457119181377, 0.50473703205325, 0.4941319242789954, 0.4970484665580473, 0.5226421456163369, 0.5033213765440722, 0.4923774385721181, 0.5, 0.498548586216012, 0.5, 0.5011076565982769, 0.5173235813881114, 0.5, 0.5042725059078289, 0.4989263076668688, 0.5034128581260833, 0.4988641648003335, 0.4865856206945855, 0.4972409730779544, 0.5015525276432355, 0.5, 0.495674006718013, 0.5012755977959052, 0.4938343246772088, 0.4978311131518358, 0.5001278586621768, 0.4974894565531793, 0.5, 0.4964573301356874, 0.4971495772037976, 0.5175625263668524, 0.5020528010102453, 0.4997932373944539, 0.49396145128051927, 0.5034430870419987, 0.5, 0.5059083006027553, 0.5001207060277804, 0.5007385425975661, 0.5052663381510551, 0.5103610225477595, 0.5033147205899235, 0.5012845149857802, 0.4937986608038837, 0.5014706238572111],
    [0.5113028914129432, 0.5076162133543312, 0.5072685536166353, 0.5042176605392754, 0.4969065221477351, 0.500303508736982, 0.5008424126769891, 0.523461561866404, 0.508967579409525, 0.75, 0.5274551324977361, 0.5385447487073569, 0.5032896749067133, 0.5533671491913644, 0.5606327889429541, 0.5198980188986804, 0.5165738869516482, 0.5116897318505739, 0.5205406732476806, 0.5566659012644292, 0.5232768606511758, 0.5260117488296623, 0.5132076340101678, 0.5102124635065435, 0.5234507398944719, 0.5222220130395803, 0.5239987741080568, 0.5114656146609804, 0.5253339192483995, 0.5251645271851835, 0.5, 0.5125820868597323, 0.5148607323672938, 0.525017348481988, 0.517554336481583, 0.5403630230353591, 0.5347017269329475, 0.5185162390174216, 0.5169276817048006, 0.4945979886998197, 0.5129190929398548, 0.5073467044529234, 0.5093064343063402, 0.5005725723774592, 0.5, 0.5023725753397476, 0.5023877143157673, 0.501593219625665, 0.499561432747379, 0.5057615984742434, 0.5096415688565091, 0.49559315188778114, 0.5011326404700318, 0.5001790537578763, 0.5039334774446766, 0.5033225986368044, 0.5060049202404873, 0.5043788354317448, 0.5017422750218148, 0.49489153689111487, 0.5022997152698285, 0.5052698802079756, 0.503486800364128, 0.5047452671782277, 0.5112892347435465, 0.5074176728407297, 0.50177872754985, 0.5, 0.5065801911201573, 0.5098338260335923, 0.5179410858238307, 0.5117988284975669, 0.497732924383248, 0.5069797482740439, 0.5167528566704633, 0.5, 0.4999790853610076, 0.5091944600195801, 0.5, 0.49713385528190296, 0.5040878208722374, 0.4993169364980544, 0.49401216404044784, 0.5001308968864882, 0.5168049566049012, 0.5027616066403916, 0.5032272984705422, 0.4974433483042421, 0.502737572364404, 0.5051848534130416, 0.49755445166220863, 0.5053911269384901, 0.5028174982376807, 0.5032017102474854, 0.5192342163000205, 0.5071023274390801, 0.4986052058724017, 0.5037721627024254, 0.49854863744340366, 0.5053381646978313],
    [0.5027304536213404, 0.5060573098969686, 0.5088072439104925, 0.49384921797199927, 0.5004534376239869, 0.5051857017987941, 0.501775014345408, 0.5107011761796124, 0.5103266018999115, 0.5274551324977361, 0.75, 0.4995802746466632, 0.5019988032738577, 0.5043490724303804, 0.5073116179305626, 0.5171082284447373, 0.5239695106007768, 0.5228892837343014, 0.5061208465684001, 0.5247328459787238, 0.5451748795889808, 0.5065320709795414, 0.5192488997104151, 0.4991165020787075, 0.5071010893131315, 0.5202172691891024, 0.5173170567106387, 0.513689424016355, 0.5181051546680036, 0.5139791430899363, 0.5334000297429935, 0.5049072586926511, 0.5067943783645619, 0.5126840117060116, 0.5012754389085089, 0.5150775281587611, 0.4981212136017621, 0.49704457225134335, 0.4957822026600285, 0.5149191618591977, 0.5082082687193571, 0.5057696122061345, 0.4986603295955462, 0.5061813049310296, 0.5, 0.4996895663032029, 0.5037459658828953, 0.4982730459814197, 0.5030683821386625, 0.5036316489822069, 0.49456656731246895, 0.49966333802933616, 0.5026088055533696, 0.5069340936217449, 0.5106381795628555, 0.5003138119966173, 0.5017454745788448, 0.4946906160166218, 0.504482603965876, 0.5125812921655625, 0.5026152960707582, 0.5206890111565023, 0.4990639940095616, 0.5013684857931253, 0.5, 0.5033330011069336, 0.5040228501458786, 0.5, 0.49846894694043503, 0.5017800479185183, 0.5248930682779231, 0.538964038395097, 0.5012961796002848, 0.5483406555784027, 0.5098175423223337, 0.5, 0.5022178244847824, 0.5058476411275232, 0.5015945784333267, 0.504504449426031, 0.5118934770337517, 0.5021730531177744, 0.4845383531070128, 0.4962211889484894, 0.5075643082938835, 0.5111991989795217, 0.5245275130665711, 0.4953622186942277, 0.4988056839908692, 0.519768549757232, 0.5272344366771782, 0.5067146757789346, 0.5048623848002696, 0.5062829951521801, 0.5007557910289572, 0.5045845237518337, 0.5008602426671971, 0.49683303608838314, 0.501631110465994, 0.5084148898389587],
    [0.5049603298343252, 0.4996957478709204, 0.5081914089223346, 0.5033580131931665, 0.5, 0.5016784070149181, 0.50213686592088, 0.5186052461896079, 0.4969556174164817, 0.5385447487073569, 0.4995802746466632, 0.75, 0.4968258510956388, 0.5336100616015622, 0.5426499717058594, 0.5210548337766602, 0.5199055238511318, 0.5292231107434304, 0.5318946353008828, 0.5377982396998646, 0.5310443666740957, 0.5414125460626639, 0.5251023737798554, 0.5048697171947362, 0.5153936942397128, 0.5203214550796942, 0.5183624024423111, 0.5103710549560964, 0.5146690366766699, 0.5177313751912108, 0.5009489147538225, 0.5057060151533291, 0.5151320292308833, 0.5186541883406871, 0.5137405562726373, 0.5319995274453031, 0.5451223090542031, 0.5224746074343658, 0.5240711196416443, 0.5017116952039369, 0.5129943210171974, 0.506027424299424, 0.4959167072875741, 0.5000043909464539, 0.49990107715981535, 0.49812124588886714, 0.4997063621533442, 0.4957660570450168, 0.5061212521523584, 0.5125811162665168, 0.5057097013715232, 0.5089677625650417, 0.5044446046154694, 0.5047013783254908, 0.5048515253221201, 0.49192838977667946, 0.49640631966240817, 0.5072364873830731, 0.49989621220753855, 0.5073096324531419, 0.5001233284061839, 0.513073014591783, 0.49965739562854167, 0.5047540321710116, 0.5, 0.5039213961498455, 0.5046878091125527, 0.5, 0.5073238991581466, 0.5174816514488617, 0.5103943162795258, 0.5053985688479511, 0.4990297274267164, 0.49893665046498936, 0.5179577878141692, 0.5, 0.4999414946175048, 0.5220469006194193, 0.4997188202949263, 0.5084305066380501, 0.5040039453666345, 0.5033692111045065, 0.49967556168383487, 0.5059157193534419, 0.5154076944247398, 0.5004788098753663, 0.5144184738374897, 0.5028221295360564, 0.5094338085038106, 0.4991859352353483, 0.5006534701518408, 0.5067000676897784, 0.5060552649157768, 0.5041842775086609, 0.4986089555813942, 0.5074709586634176, 0.4967572735126722, 0.5063333049432431, 0.49881250793266496, 0.5005642229711473],
    [0.5000073288391876, 0.5017967685070359, 0.5132003423530186, 0.4863706289302517, 0.5002988940918601, 0.5124926249144016, 0.4978288147041568, 0.5050606704253678, 0.5041855134564601, 0.5032896749067133, 0.5019988032738577, 0.4968258510956388, 0.75, 0.49902128225774817, 0.5017583897811617, 0.49263781025757136, 0.5047909908985387, 0.503760871915, 0.5034656852838671, 0.49638299921352097, 0.49838923737058966, 0.5033637496994396, 0.5040410979881658, 0.4997114409539487, 0.508720718314928, 0.5002880184331797, 0.5041055442856818, 0.5028008477126374, 0.49845895660035217, 0.5059298158594691, 0.5, 0.5117157614539812, 0.5039367599785357, 0.5036038573949969, 0.49982096782686536, 0.510710202769439, 0.5114421986717873, 0.5048562556724596, 0.5068524690607105, 0.5069992099051396, 0.5009033175910884, 0.5023111707469868, 0.5024870481835175, 0.5028542285530224, 0.5, 0.5030250711364385, 0.506320224719101, 0.50345552267987, 0.5090535407057856, 0.5117338271968055, 0.49977261243052046, 0.5077150623600896, 0.5123611975498705, 0.4918675472710974, 0.5032152308144663, 0.5011005317769546, 0.5134874349457643, 0.5017440022133512, 0.5140586107388058, 0.4982914160743576, 0.4975025099065925, 0.515435430383094, 0.49986817590607097, 0.5000724061064096, 0.4965767524130464, 0.5121507287777408, 0.5116441015993114, 0.5, 0.494832298466274, 0.5084514805401599, 0.499094461619454, 0.4997930336665236, 0.4970102870739787, 0.5036006158646321, 0.5052543664548618, 0.5, 0.5060060659270492, 0.5052350470775244, 0.5024500565397663, 0.5089826915730937, 0.5118049293467664, 0.5086687776046929, 0.4978709466098919, 0.5118456083049056, 0.4989838496128289, 0.4978081538169063, 0.5028821242309148, 0.4957838604157887, 0.5062701324310572, 0.500055623902177, 0.505841658654851, 0.5041402840680839, 0.5092884096901373, 0.49967309340862737, 0.5018253891820508, 0.5025217449370976, 0.5007990148377207, 0.511395109097271, 0.5064531241413675, 0.5081985193815025],
    [0.513081472983208, 0.5122742739907539, 0.5062164813894018, 0.5025972058522595, 0.5012987239383585, 0.502767895884964, 0.5076663913525813, 0.5313129208074925, 0.5087451780269637, 0.5533671491913644, 0.5043490724303804, 0.5336100616015622, 0.49902128225774817, 0.75, 0.582511185314757, 0.5306401365301484, 0.5367574152763477, 0.537761602476559, 0.5354289874682624, 0.549188767618422, 0.5216975332939844, 0.5442889647523449, 0.5282297163275863, 0.5068066172337283, 0.5264068545853562, 0.5462883211357412, 0.5195546605783066, 0.5207310959867102, 0.4973921223018893, 0.5174969180580116, 0.5016656610652528, 0.5163945156149251, 0.5233073774225424, 0.5155251523667049, 0.5122453966030386, 0.5340097962886393, 0.5306726675941408, 0.5066112016487985, 0.5291808808986255, 0.4978761511457742, 0.5029782749281078, 0.5093855503950249, 0.5045203275459904, 0.49903234854883616, 0.5, 0.4971261907508007, 0.4994298345643058, 0.49489937537708945, 0.5179506786594251, 0.5039001145384093, 0.5079185949261221, 0.49243372978529976, 0.5053336845380241, 0.5116165255266285, 0.5091804767989099, 0.5009806921304398, 0.4980662011397468, 0.4985714017386048, 0.49345030173783394, 0.5046777935140436, 0.5043721970286155, 0.4998063813142953, 0.500150279519907, 0.5031508785081157, 0.5120200764279211, 0.5062622438362759, 0.503929585297882, 0.5, 0.5010999222135011, 0.5093168887256593, 0.514341720968608, 0.49636519056607725, 0.49860313658918426, 0.5008634332095986, 0.5261758045587728, 0.5, 0.49965963477939096, 0.5142500219935807, 0.4994618225173458, 0.5123458701466259, 0.5009589542558008, 0.4996938346490314, 0.5016962187259673, 0.5010671095686258, 0.5158029849308269, 0.50515255632466, 0.5173976292629522, 0.5011339950671067, 0.499877787624643, 0.5025129976845858, 0.4996418528878596, 0.5044881967012427, 0.5059662539668409, 0.4992863048026952, 0.505909678230486, 0.5072595028621579, 0.5044250171472793, 0.5027579337323208, 0.5059757557960819, 0.5046107665459724],
    [0.507513405736035, 0.5167770615343324, 0.5070847954919405, 0.5064733015401455, 0.4997593464630434, 0.5033127742253596, 0.4982947943077192, 0.5169008848601937, 0.4941403931822983, 0.5606327889429541, 0.5073116179305626, 0.5426499717058594, 0.5017583897811617, 0.582511185314757, 0.75, 0.5282201671510672, 0.522141524014762, 0.5195677331702463, 0.5143759838368249, 0.5534458944610857, 0.5157941847371005, 0.5483794443646004, 0.5136861413910973, 0.5091023808350175, 0.5230713277646974, 0.5253282021715172, 0.5172034735864384, 0.5075523484236921, 0.5175444090883331, 0.512390660667815, 0.5, 0.5070820980702555, 0.5154935348667288, 0.5123550179527001, 0.5129074530339658, 0.5359347149357601, 0.5268587513827883, 0.5104171453609845, 0.5128295457200576, 0.4972356761650284, 0.499987052094971, 0.5029027303245662, 0.501709576974056, 0.5, 0.5, 0.5012375410129313, 0.5, 0.49889955365772354, 0.4988407793764373, 0.5047541116885358, 0.5025334262878769, 0.500742339997634, 0.5046423181430256, 0.5055765679106246, 0.5074012287430382, 0.5012012997467232, 0.4976586382993762, 0.4975973822494336, 0.4857434211334759, 0.4960692365195837, 0.5, 0.5009110485398645, 0.5006641786324245, 0.5025580730120839, 0.5137803012091866, 0.5047634608222212, 0.5002584799663741, 0.5, 0.5037163603915836, 0.5090024425109934, 0.5173908328074944, 0.5150382462545827, 0.5010823529411764, 0.5001701628619554, 0.5222463825433513, 0.5, 0.5, 0.5065606697794656, 0.5, 0.5030259001342996, 0.504937467945743, 0.5003039222218151, 0.5047987054655023, 0.5025740967590681, 0.5172445141510013, 0.49805942813382337, 0.5151323207928399, 0.5009605261287282, 0.5079688356139006, 0.4997319942555184, 0.5041654742599129, 0.5031961616409573, 0.5072952927788792, 0.5055407957961364, 0.5125025191496451, 0.508167073169252, 0.5045804832780734, 0.5054921481710254, 0.4983333844326344, 0.4984658518558473],
    [0.5153149799569132, 0.5050501447509488, 0.5071875198542959, 0.5037409478417335, 0.500395740820888, 0.5099155191410121, 0.5030409759278304, 0.507437541670478, 0.4949992155511219, 0.5198980188986804, 0.5171082284447373, 0.5210548337766602, 0.49263781025757136, 0.5306401365301484, 0.5282201671510672, 0.75, 0.5514330861651444, 0.5371504026965032, 0.5368532004186468, 0.531520965168055, 0.5536948785000948, 0.5193516646715257, 0.5297257312417684, 0.5039492080246071, 0.5192259765486916, 0.5157132876427248, 0.5439080447978961, 0.527651272234362, 0.527743353455308, 0.528588220489761, 0.5083958559234347, 0.5028264105795196, 0.5283740452958532, 0.5411869191701033, 0.5022219692635915, 0.5351989524863945, 0.5185470832815505, 0.5223414917608481, 0.5350351533761376, 0.5010638305692238, 0.510926933586452, 0.5083117375935255, 0.51064514806423, 0.5039559242768825, 0.4983631084048552, 0.5045469649992316, 0.501794144294502, 0.5034166502837216, 0.5035234497746873, 0.4974008567532941, 0.5010815736240966, 0.49892419388695697, 0.5010395322054867, 0.49941855780392885, 0.5065068072482591, 0.5019727969900626, 0.4979294509550639, 0.4981141480988844, 0.5008163435402276, 0.5035623848036381, 0.4985912783883584, 0.512425121690856, 0.49975890016361096, 0.502766626122215, 0.4997121495085288, 0.5022736186565897, 0.5220209793101526, 0.5, 0.5018263528599978, 0.5088149299814513, 0.5143962972225982, 0.5089317643534511, 0.505483093159074, 0.5137607671751276, 0.5254866095118222, 0.5, 0.49814826245293503, 0.5151784080589922, 0.5058230606824219, 0.49809876301916217, 0.5009488559197104, 0.5073674806862816, 0.5025571087623594, 0.49929366669783937, 0.5144491680839092, 0.5085391762657079, 0.5147242737400876, 0.5136891545229129, 0.5019273788987585, 0.5180246964425417, 0.5056675221575497, 0.504799250221178, 0.5073210895364508, 0.5171475798568936, 0.5053521163683369, 0.5189622742513211, 0.5017998665676261, 0.49958151462664807, 0.5059186643046176, 0.5023515252452643],
    [0.5161035057990891, 0.5064356221401342, 0.5050794768312393, 0.5020102280608864, 0.5009555113896956, 0.5073966554039545, 0.4979438438324864, 0.5191191981036386, 0.49979718569492737, 0.5165738869516482, 0.5239695106007768, 0.5199055238511318, 0.5047909908985387, 0.5367574152763477, 0.522141524014762, 0.5514330861651444, 0.75, 0.5518201263552485, 0.5442616606355851, 0.5335268782627972, 0.5429013538435306, 0.5429767514257504, 0.5287256165767188, 0.4995058892976936, 0.5149591026872404, 0.5389834060956782, 0.5393011560985458, 0.5246550628564158, 0.5225034285978347, 0.5256030926415525, 0.5036809102384724, 0.5136860266154292, 0.5352822858726715, 0.5122200683499588, 0.49943368996886994, 0.5307878867821518, 0.5345646143804598, 0.516708628937392, 0.5208919254690912, 0.502582508119962, 0.5253154515334107, 0.5088066370456966, 0.5045624786891698, 0.5013315445917264, 0.5, 0.5042217711533543, 0.4981974176960483, 0.5063353101362851, 0.5133779128747785, 0.4998862650663712, 0.5028144080349723, 0.4977397349914397, 0.50460832197194, 0.5008319105589732, 0.5010493418279479, 0.5027293112197574, 0.5035003929734732, 0.4956565055909806, 0.5003774079392836, 0.5045222496619202, 0.497338026748002, 0.5071064506978934, 0.5, 0.5036757447015016, 0.4996047756099991, 0.5125696243855883, 0.5066317647710247, 0.5, 0.4990886662878976, 0.5079709645464192, 0.5090194770905474, 0.5026082054274363, 0.5048684064294989, 0.49953018307655583, 0.5137045342268795, 0.5, 0.5004674873667104, 0.5288831799680896, 0.5032058103650101, 0.5023141202414841, 0.5020755421676102, 0.5045173328993975, 0.4988781226227342, 0.4911710276578893, 0.5053773023763252, 0.5108441730305823, 0.5116123945114879, 0.5014037505666781, 0.5120438723075599, 0.49751194587682096, 0.4989226936790158, 0.5231177925311435, 0.49963674696868776, 0.5079132816487477, 0.513085742517348, 0.5132350151718713, 0.49860936631827546, 0.5039653018531359, 0.5013602939549919, 0.503778855219493],
    [0.5054391802296496, 0.5099494262454214, 0.500479595944348, 0.499057002187394, 0.5, 0.5039475440951267, 0.5046027072299827, 0.5123204359398881, 0.5009181526960039, 0.5116897318505739, 0.5228892837343014, 0.5292231107434304, 0.503760871915, 0.537761602476559, 0.5195677331702463, 0.5371504026965032, 0.5518201263552485, 0.75, 0.5324504606717396, 0.554298512229267, 0.530096340285688, 0.5455390311419348, 0.528954317674204, 0.4975253034129478, 0.5123585313678906, 0.5315577295895441, 0.5241545426832502, 0.518280336516765, 0.5173219690100705, 0.5369329648260621, 0.5111484468339307, 0.5076126226643924, 0.5253535876205067, 0.5166513396156689, 0.4979038060039111, 0.533083860784444, 0.5199743036688584, 0.5168937947478356, 0.5185392595930586, 0.502732402800154, 0.5121789695287868, 0.49978586726585833, 0.5059440118989238, 0.5028117086930944, 0.5, 0.4997875927268668, 0.5011311751881864, 0.5069988422790194, 0.5100995466781902, 0.5036929736659346, 0.5045977940693509, 0.49985125346579423, 0.5066342027319699, 0.502198877930299, 0.5012273073786593, 0.5054230732708008, 0.49971516846318, 0.4955203436912368, 0.49921321884420616, 0.511068645895923, 0.5017497086185039, 0.5108237067183582, 0.5007240909529752, 0.503126605552884, 0.4991300158346324, 0.5040827498756938, 0.5049116308688245, 0.5, 0.4979741312139629, 0.5037682176090275, 0.4971695970901374, 0.5070558477511832, 0.50076197801678, 0.5002401917997832, 0.5176199047893989, 0.5, 0.5009928823005451, 0.5136353971959225, 0.5056837688346366, 0.5098835822239912, 0.5030027988084405, 0.5053349066936661, 0.4987812512118241, 0.5038006407641986, 0.5073039187996694, 0.5121347232816829, 0.5084697919608504, 0.5048202020962816, 0.5124828098498027, 0.505791254012155, 0.5002748658443245, 0.5059227864391764, 0.5070422734363348, 0.5021464100309231, 0.499946075453138, 0.5063436734501158, 0.5004313904738511, 0.5055920922401083, 0.5099402904207776, 0.5049200873059705],
    [0.5201424492530967, 0.509440720517775, 0.5086713322435635, 0.5032361702980349, 0.5, 0.5094138882700361, 0.5095385726320857, 0.5370616322476968, 0.5093833097764895, 0.5205406732476806, 0.5061208465684001, 0.5318946353008828, 0.5034656852838671, 0.5354289874682624, 0.5143759838368249, 0.5368532004186468, 0.5442616606355851, 0.5324504606717396, 0.75, 0.5226393959820679, 0.5388587471272995, 0.526733723635095, 0.526279248933527, 0.4992016777177082, 0.5364482245396676, 0.557436140166548, 0.5351893171339872, 0.5254167718575776, 0.5055118345295879, 0.5209683852479409, 0.5025215494116385, 0.5229751784665513, 0.5179386661073243, 0.5369447000767386, 0.5120156303439384, 0.5345733958164254, 0.5275215090374024, 0.519874100117973, 0.5463162197141109, 0.5033988902839487, 0.5200217621501728, 0.5097612207854387, 0.5016141820157574, 0.5, 0.5, 0.5041046612091937, 0.500658183413778, 0.49781049264871857, 0.5137766580488988, 0.5101542594946352, 0.5140887459323212, 0.502463884816826, 0.5070292314921785, 0.5087306183197619, 0.5034308295771507, 0.5053583595825152, 0.5098867640903547, 0.5015743177648748, 0.49709296578122175, 0.5062067672155742, 0.4984147139885321, 0.5127770541776361, 0.49967116716313975, 0.5006442160192814, 0.5, 0.5037847917893178, 0.5106933478515057, 0.5, 0.5065052905068376, 0.5161424975957112, 0.5036340048179464, 0.4946842222463301, 0.5013007591253109, 0.5000039244696569, 0.5244948868070998, 0.5, 0.5, 0.519438653126191, 0.5, 0.4944233789451871, 0.49519456353153946, 0.5008285924215126, 0.4992776161332397, 0.5044226478233105, 0.5032948649955286, 0.4995315680241897, 0.5017676705463325, 0.501295823565705, 0.5044165933709931, 0.4986824342150405, 0.5005853989185525, 0.5143921448585367, 0.5014826475928119, 0.504510860106946, 0.5009258069446165, 0.5027765206872835, 0.4976944919196144, 0.502789114501174, 0.4934658493280124, 0.49887361476421854],
    [0.5091128565974697, 0.5056472026196149, 0.5070214361999695, 0.5151143374542376, 0.5, 0.5174030040079161, 0.5070585101452478, 0.5293447287635432, 0.5105001178842424, 0.5566659012644292, 0.5247328459787238, 0.5377982396998646, 0.49638299921352097, 0.549188767618422, 0.5534458944610857, 0.531520965168055, 0.5335268782627972, 0.554298512229267, 0.5226393959820679, 0.75, 0.5348916176060132, 0.5663623819046063, 0.5227257722950804, 0.5089932779263128, 0.5273324902272776, 0.5396065308948249, 0.5282556671694817, 0.5097221835869353, 0.5264691223287683, 0.5351160245076385, 0.5128125485323808, 0.5134027914007431, 0.5160462344020584, 0.5109662648028048, 0.5048882839200177, 0.5222881753956312, 0.5233552637215166, 0.5121009818433353, 0.5160210829681803, 0.4992115776937169, 0.5097932249799122, 0.5033442058753598, 0.5028251252786368, 0.5047306894806446, 0.5, 0.5049843958727528, 0.5036077705827937, 0.5006384801256417, 0.5003467023832151, 0.5066766707671846, 0.4983675831495272, 0.49845548277785806, 0.5061437516607957, 0.5108349588427091, 0.5095491094963903, 0.4977237505421776, 0.4958754810287281, 0.48453924150144334, 0.5052044958899513, 0.5042530591801311, 0.49488207351636165, 0.5082472739881574, 0.5, 0.5056092140937289, 0.5183592546450723, 0.4978972097919011, 0.5082150921061285, 0.5, 0.4985941840031744, 0.5099198900766475, 0.5299232260007801, 0.5325709408721311, 0.5089760356363344, 0.5102977552812479, 0.5285415275393628, 0.5, 0.501678344766866, 0.5111417232170541, 0.5025625945219291, 0.5032859410266884, 0.5027185942476224, 0.4970140676840719, 0.5105578568102159, 0.495521036630129, 0.5141246228423416, 0.5047291783603344, 0.532830844350646, 0.503107956079194, 0.5320438076203249, 0.5110906514707687, 0.5100111700642279, 0.5057792704094481, 0.4993728064890998, 0.5039162680424613, 0.5190241192879936, 0.5035837893995037, 0.5034484756313444, 0.5035302639333172, 0.5001306998501526, 0.5021251998118821],
    [0.5059661656770119, 0.504885193137188, 0.500322594072594, 0.5063061498670225, 0.5003421879752611, 0.5082645396511948, 0.5006492041952796, 0.5159773484683633, 0.5021924528527834, 0.5232768606511758, 0.5451748795889808, 0.5310443666740957, 0.49838923737058966, 0.5216975332939844, 0.5157941847371005, 0.5536948785000948, 0.5429013538435306, 0.530096340285688, 0.5388587471272995, 0.5348916176060132, 0.75, 0.5334939542465305, 0.54432475818268, 0.5015795035368054, 0.5152758306395239, 0.5233239205977732, 0.535482486042491, 0.5232445743082133, 0.5225282302524877, 0.5316203376104469, 0.5022107956380257, 0.5148328657442651, 0.5191763705586849, 0.5339842285388771, 0.5051727179892963, 0.5338146180491494, 0.5211067252806375, 0.517703601850121, 0.5288952954420774, 0.5092042246241212, 0.5173445722595977, 0.5096058775018337, 0.5104988812056247, 0.5016431497496585, 0.5, 0.5045425210670704, 0.5023483765570758, 0.4989987598328544, 0.5085406450197684, 0.5022440525356722, 0.5002950912216777, 0.4990787924541868, 0.502856822303697, 0.5048432974914724, 0.5037348900672473, 0.5016798820079987, 0.49472568513747295, 0.4933588479306592, 0.49926197921082816, 0.5019648509987993, 0.4975570472700544, 0.5051953972723882, 0.4994904982390904, 0.5029797820352099, 0.4994847916698948, 0.5012206497819025, 0.5041230118137102, 0.5, 0.5015692137767541, 0.5105667330626026, 0.5043608261210141, 0.4975224786890351, 0.5007944487567528, 0.5164202637874217, 0.5278020507928316, 0.5, 0.5001929090687569, 0.5193981127291537, 0.5009101360413872, 0.5063339355956418, 0.5193563336013789, 0.4995175567743772, 0.4970022483137647, 0.49604032894829, 0.5100301400897963, 0.5071729878169619, 0.5238001753964422, 0.508470866092018, 0.5126440619590323, 0.5071599385594584, 0.5064647387544355, 0.51525927853855, 0.5024239720905206, 0.5067146321830501, 0.5124919655894292, 0.513405430590787, 0.5016816091918154, 0.5033378455891347, 0.4993419402339905, 0.5064860274532006],
